0,428
0,427
0,426
36,3
36,2
36,1
36,0
0,425
35,3
35,2
35,1
35,0
0,424
34,3
34,2
34,1
34,0
33,3
33,2
33,1
33,0
0,423
0,422
32,3
32,2
32,1
32,0
0,421
31,3
31,2
31,1
31,0
0,420
30,3
30,2
30,1
30,0
0,419
29,3
29,2
29,1
29,0
0,418
28,3
28,2
28,1
28,0
27,3
27,2
27,1
27,0
0,417
0,416
0,415
0,414
0,413
0,412
6,4
0,411
0,410
26,3
26,2
26,1
26,0
0,409
0,408
0,407
0,406
0,405
25,3
25,2
25,1
25,0
0,404
0,403
0,402
0,401
24,4
24,3
24,2
24,1
24,0
0,400
0,399
0,398
0,397
23,3
23,2
23,1
23,0
0,396
0,395
0,394
0,393
22,3
22,2
22,1
22,0
0,392
0,391
0,390
0,389
21,3
21,2
21,1
21,0
0,388
0,387
20,28
20,27
20,26
20,25
20,24
20,23
20,22
20,21
20,20
20,19
20,18
20,17
20,16
20,15
20,14
20,13
20,12
20,11
20,10
20,9
20,8
20,7
20,6
20,5
20,4
0,386
0,385
20,3
20,2
20,1
20,0
0,384
0,383
19,7
19,6
19,5
0,382
0,381
19,4
19,3
19,2
19,1
19,0
0,380
0,379
0,378
0,377
18,6
18,5
18,4
18,3
18,2
18,1
18,0
0,376
0,375
0,374
0,373
17,3
17,2
17,1
17,0
0,372
0,371
0,370
0,369
16,3
16,2
16,1
16,0
0,368
0,367
0,366
15,4
15,3
15,2
15,1
15,0
0,365
0,364
0,363
14,3
14,2
14,1
14,0
0,362
0,361
0,360
13,3
13,2
13,1
13,0
0,359
0,358
0,357
12,3
12,2
12,1
12,0
0,356
11,28
11,27
11,26
11,25
11,24
11,23
11,22
11,21
11,20
11,19
11,18
11,17
11,16
11,15
11,14
11,13
11,12
11,11
11,10
11,9
11,8
11,7
11,6
11,5
11,4
0,355
0,354
11,3
11,2
11,1
11,0
0,353
0,352
10,7
10,6
10,5
0,351
0,350
10,4
10,3
10,2
10,1
10,0
0,349
0,348
0,347
0,346
9,6
9,5
9,4
9,3
9,2
9,1
9,0
0,345
0,344
0,343
0,342
8,3
8,2
8,1
8,0
0,341
0,340
0,339
0,338
0,337
0,336
0,335
0,334
0,333
0,332
0,331
0,330
7,3
7,2
7,1
7,0
0,329
0,328
0,327
0,326
0,325
0,324
0,323
0,322
0,321
0,320
0,319
0,318
0,317
0,316
0,315
0,314
0,313
0,312
0,0
6,3
6,2
6,1
6,0
5,4
5,3
5,2
5,1
5,0
4,3
4,2
4,1
4,0
3,6
3,5
3,4
3,3
3,2
3,1
3,0
2,2
2,3
2,1
2,0
1,3
1,2
1,1
1,0
0,243
0,9
0,1
0,300
0,299
0,298
0,297
0,296
0,295
0,294
0,293
0,292
0,291
0,290
0,289
0,288
0,287
0,286
0,285
0,284
0,283
0,282
0,281
0,280
0,279
0,278
0,277
0,276
0,275
0,274
0,273
0,272
0,271
0,270
0,269
0,268
0,267
0,266
0,265
0,264
0,263
0,262
0,261
0,260
0,259
0,258
0,257
0,256
0,255
0,254
0,253
0,252
0,251
0,250
0,249
0,248
0,247
0,246
0,245
0,244
0,242
0,241
0,240
0,239
0,238
0,237
0,236
0,235
0,234
0,233
0,232
0,231
0,230
0,229
0,228
0,227
0,226
0,225
0,224
0,223
0,222
0,221
0,220
0,219
0,218
0,217
0,216
0,215
0,214
0,213
0,212
0,211
0,210
0,209
0,208
0,207
0,206
0,205
0,204
0,203
0,202
0,201
0,200
0,199
0,198
0,197
0,196
0,195
0,194
0,193
0,192
0,63
0,62
0,61
0,60
0,59
0,58
0,57
0,56
0,55
0,54
0,53
0,52
0,51
0,50
0,311
0,49
0,310
0,48
0,309
0,47
0,308
0,46
0,307
0,45
0,301
0,6
0,5
0,304
0,303
0,306
0,305
0,302
0,12
0,10
0,8
0,11
0,4
0,2
0,3
0,7
